Theta 
k = 5.86762e-05
x0 = 105.665

Dist
k = 4.87632
x0 = .949101
